 ------- BEAMDYN V1.00.* INDIVIDUAL BLADE INPUT FILE --------------------------
 Test Format 1
 ---------------------- BLADE PARAMETERS --------------------------------------
30   station_total    - Number of blade input stations (-)
 1   damp_type        - Damping type: 0: no damping; 1: damped
  ---------------------- DAMPING COEFFICIENT------------------------------------
   mu1        mu2        mu3        mu4        mu5        mu6
   (-)        (-)        (-)        (-)        (-)        (-)
1.0E-02    1.0E-02    1.0E-02    1.0E-02    1.0E-02    1.0E-02
 ---------------------- DISTRIBUTED PROPERTIES---------------------------------
	 0.000000 
	 4.7702475733391209e+09 	 -3.9848997577577509e+04 	 0.0000000000000000e+00 	 0.0000000000000000e+00 	 0.0000000000000000e+00 	 4.4602310977872385e+03
	 -3.9848998348430126e+04 	 4.7702240087358961e+09 	 0.0000000000000000e+00 	 0.0000000000000000e+00 	 0.0000000000000000e+00 	 -9.9616656018160611e+03
	 0.0000000000000000e+00 	 0.0000000000000000e+00 	 3.2562709833179951e+10 	 -3.0536687462284230e+04 	 6.7992354376833056e+04 	 0.0000000000000000e+00
	 0.0000000000000000e+00 	 0.0000000000000000e+00 	 -3.0536686774289468e+04 	 7.9415015999489426e+10 	 6.6373554815633933e+05 	 0.0000000000000000e+00
	 0.0000000000000000e+00 	 0.0000000000000000e+00 	 6.7992353575950881e+04 	 6.6373554787791206e+05 	 7.9415408043621429e+10 	 0.0000000000000000e+00
	 4.4602310980771899e+03 	 -9.9616656022588068e+03 	 0.0000000000000000e+00 	 0.0000000000000000e+00 	 0.0000000000000000e+00 	 4.6505011981537041e+10

	 2.2150706490230205e+03 	 0.0000000000000000e+00 	 0.0000000000000000e+00 	 0.0000000000000000e+00 	 0.0000000000000000e+00 	 2.0769882220077335e-03
	 0.0000000000000000e+00 	 2.2150706490230205e+03 	 0.0000000000000000e+00 	 0.0000000000000000e+00 	 0.0000000000000000e+00 	 -4.6252241388403774e-03
	 0.0000000000000000e+00 	 0.0000000000000000e+00 	 2.2150706490230205e+03 	 -2.0769882220077335e-03 	 4.6252241388403774e-03 	 0.0000000000000000e+00
	 0.0000000000000000e+00 	 0.0000000000000000e+00 	 -2.0769882220077335e-03 	 5.4035115514822182e+03 	 4.5154894785944998e-02 	 0.0000000000000000e+00
	 0.0000000000000000e+00 	 0.0000000000000000e+00 	 4.6252241388403774e-03 	 4.5154894785944998e-02 	 5.4035382234065401e+03 	 0.0000000000000000e+00
	 2.0769882220077335e-03 	 -4.6252241388403774e-03 	 0.0000000000000000e+00 	 0.0000000000000000e+00 	 0.0000000000000000e+00 	 1.0807049774888752e+04

	 0.034483 
	 3.5224728794802899e+09 	 -3.1931554594673622e+07 	 0.0000000000000000e+00 	 0.0000000000000000e+00 	 0.0000000000000000e+00 	 -2.1657220279078457e+08
	 -3.1931554594478574e+07 	 3.8610863644002628e+09 	 0.0000000000000000e+00 	 0.0000000000000000e+00 	 0.0000000000000000e+00 	 1.3666492065661138e+07
	 0.0000000000000000e+00 	 0.0000000000000000e+00 	 2.6355056568905502e+10 	 1.6151285561831076e+09 	 -4.8160043716179840e+07 	 0.0000000000000000e+00
	 0.0000000000000000e+00 	 0.0000000000000000e+00 	 1.6151285561833098e+09 	 6.1113620702050194e+10 	 -1.8883811892506316e+09 	 0.0000000000000000e+00
	 0.0000000000000000e+00 	 0.0000000000000000e+00 	 -4.8160043716567658e+07 	 -1.8883811892502608e+09 	 6.1723115649380623e+10 	 0.0000000000000000e+00
	 -2.1657220279081842e+08 	 1.3666492065678654e+07 	 0.0000000000000000e+00 	 0.0000000000000000e+00 	 0.0000000000000000e+00 	 3.4433522597092773e+10

	 1.7602199555154057e+03 	 0.0000000000000000e+00 	 0.0000000000000000e+00 	 0.0000000000000000e+00 	 0.0000000000000000e+00 	 -1.1073683213785442e+02
	 0.0000000000000000e+00 	 1.7602199555154057e+03 	 0.0000000000000000e+00 	 0.0000000000000000e+00 	 0.0000000000000000e+00 	 4.2230395369902736e+00
	 0.0000000000000000e+00 	 0.0000000000000000e+00 	 1.7602199555154057e+03 	 1.1073683213785442e+02 	 -4.2230395369902736e+00 	 0.0000000000000000e+00
	 0.0000000000000000e+00 	 0.0000000000000000e+00 	 1.1073683213785442e+02 	 4.1467386942078647e+03 	 -8.0649264232101885e+01 	 0.0000000000000000e+00
	 0.0000000000000000e+00 	 0.0000000000000000e+00 	 -4.2230395369902736e+00 	 -8.0649264232101885e+01 	 4.0658785169514731e+03 	 0.0000000000000000e+00
	 -1.1073683213785442e+02 	 4.2230395369902736e+00 	 0.0000000000000000e+00 	 0.0000000000000000e+00 	 0.0000000000000000e+00 	 8.2126172111593114e+03

	 0.068966 
	 2.3181608611442461e+09 	 -4.8119577337056972e+07 	 0.0000000000000000e+00 	 0.0000000000000000e+00 	 0.0000000000000000e+00 	 -2.8440336539856517e+08
	 -4.8119577337087557e+07 	 3.1369099064464011e+09 	 0.0000000000000000e+00 	 0.0000000000000000e+00 	 0.0000000000000000e+00 	 4.6666639760901615e+07
	 0.0000000000000000e+00 	 0.0000000000000000e+00 	 2.1269110447745792e+10 	 3.7392372619731789e+09 	 -1.3226489543270835e+08 	 0.0000000000000000e+00
	 0.0000000000000000e+00 	 0.0000000000000000e+00 	 3.7392372619739251e+09 	 4.7179302332863182e+10 	 -2.8130455848009219e+09 	 0.0000000000000000e+00
	 0.0000000000000000e+00 	 0.0000000000000000e+00 	 -1.3226489543393563e+08 	 -2.8130455848009281e+09 	 4.1541784230181313e+10 	 0.0000000000000000e+00
	 -2.8440336539855790e+08 	 4.6666639760906078e+07 	 0.0000000000000000e+00 	 0.0000000000000000e+00 	 0.0000000000000000e+00 	 2.2443849077909893e+10

	 1.3936656434941560e+03 	 0.0000000000000000e+00 	 0.0000000000000000e+00 	 0.0000000000000000e+00 	 0.0000000000000000e+00 	 -2.3003356093748476e+02
	 0.0000000000000000e+00 	 1.3936656434941560e+03 	 0.0000000000000000e+00 	 0.0000000000000000e+00 	 0.0000000000000000e+00 	 7.8993990088856654e+00
	 0.0000000000000000e+00 	 0.0000000000000000e+00 	 1.3936656434941560e+03 	 2.3003356093748476e+02 	 -7.8993990088856654e+00 	 0.0000000000000000e+00
	 0.0000000000000000e+00 	 0.0000000000000000e+00 	 2.3003356093748476e+02 	 3.1708648105334937e+03 	 -1.2061657075561469e+02 	 0.0000000000000000e+00
	 0.0000000000000000e+00 	 0.0000000000000000e+00 	 -7.8993990088856654e+00 	 -1.2061657075561469e+02 	 2.6582783010865323e+03 	 0.0000000000000000e+00
	 -2.3003356093748476e+02 	 7.8993990088856654e+00 	 0.0000000000000000e+00 	 0.0000000000000000e+00 	 0.0000000000000000e+00 	 5.8291431116200547e+03

	 0.103448 
	 1.8257372795382292e+09 	 6.8462704802325204e+07 	 0.0000000000000000e+00 	 0.0000000000000000e+00 	 0.0000000000000000e+00 	 -2.2187827007344964e+08
	 6.8462704802385107e+07 	 2.5843345785418749e+09 	 0.0000000000000000e+00 	 0.0000000000000000e+00 	 0.0000000000000000e+00 	 5.5061751748368718e+07
	 0.0000000000000000e+00 	 0.0000000000000000e+00 	 1.8051824156807312e+10 	 4.8257689930669403e+09 	 -1.4443450852818120e+08 	 0.0000000000000000e+00
	 0.0000000000000000e+00 	 0.0000000000000000e+00 	 4.8257689930675802e+09 	 3.8494793141469055e+10 	 -3.0830567849356165e+09 	 0.0000000000000000e+00
	 0.0000000000000000e+00 	 0.0000000000000000e+00 	 -1.4443450852790168e+08 	 -3.0830567849354458e+09 	 2.9063704426500690e+10 	 0.0000000000000000e+00
	 -2.2187827007355511e+08 	 5.5061751748276010e+07 	 0.0000000000000000e+00 	 0.0000000000000000e+00 	 0.0000000000000000e+00 	 1.4361430304175793e+10

	 1.2487894678030093e+03 	 0.0000000000000000e+00 	 0.0000000000000000e+00 	 0.0000000000000000e+00 	 0.0000000000000000e+00 	 -3.0773290145251877e+02
	 0.0000000000000000e+00 	 1.2487894678030093e+03 	 0.0000000000000000e+00 	 0.0000000000000000e+00 	 0.0000000000000000e+00 	 9.3473909028829869e+00
	 0.0000000000000000e+00 	 0.0000000000000000e+00 	 1.2487894678030093e+03 	 3.0773290145251877e+02 	 -9.3473909028829869e+00 	 0.0000000000000000e+00
	 0.0000000000000000e+00 	 0.0000000000000000e+00 	 3.0773290145251877e+02 	 2.5505180334998631e+03 	 -1.6191902369318117e+02 	 0.0000000000000000e+00
	 0.0000000000000000e+00 	 0.0000000000000000e+00 	 -9.3473909028829869e+00 	 -1.6191902369318117e+02 	 1.8698083322667505e+03 	 0.0000000000000000e+00
	 -3.0773290145251877e+02 	 9.3473909028829869e+00 	 0.0000000000000000e+00 	 0.0000000000000000e+00 	 0.0000000000000000e+00 	 4.4203263657666112e+03

	 0.137931 
	 1.1741197236839068e+09 	 6.1436893084843867e+07 	 0.0000000000000000e+00 	 0.0000000000000000e+00 	 0.0000000000000000e+00 	 -9.5525246412609950e+07
	 6.1436893084727980e+07 	 2.0323631679196720e+09 	 0.0000000000000000e+00 	 0.0000000000000000e+00 	 0.0000000000000000e+00 	 6.2649165718922146e+07
	 0.0000000000000000e+00 	 0.0000000000000000e+00 	 1.5308159002305294e+10 	 5.6594216120954866e+09 	 -1.3282856426551227e+08 	 0.0000000000000000e+00
	 0.0000000000000000e+00 	 0.0000000000000000e+00 	 5.6594216120954218e+09 	 3.2491189335935719e+10 	 -2.6632535946682992e+09 	 0.0000000000000000e+00
	 0.0000000000000000e+00 	 0.0000000000000000e+00 	 -1.3282856426554286e+08 	 -2.6632535946682162e+09 	 2.0104606850047714e+10 	 0.0000000000000000e+00
	 -9.5525246412706122e+07 	 6.2649165718801975e+07 	 0.0000000000000000e+00 	 0.0000000000000000e+00 	 0.0000000000000000e+00 	 8.5660770648392038e+09

	 1.0263805786467371e+03 	 0.0000000000000000e+00 	 0.0000000000000000e+00 	 0.0000000000000000e+00 	 0.0000000000000000e+00 	 -3.5863248399061581e+02
	 0.0000000000000000e+00 	 1.0263805786467371e+03 	 0.0000000000000000e+00 	 0.0000000000000000e+00 	 0.0000000000000000e+00 	 8.9114661230301113e+00
	 0.0000000000000000e+00 	 0.0000000000000000e+00 	 1.0263805786467371e+03 	 3.5863248399061581e+02 	 -8.9114661230301113e+00 	 0.0000000000000000e+00
	 0.0000000000000000e+00 	 0.0000000000000000e+00 	 3.5863248399061581e+02 	 2.1066109521558387e+03 	 -1.3561216453521254e+02 	 0.0000000000000000e+00
	 0.0000000000000000e+00 	 0.0000000000000000e+00 	 -8.9114661230301113e+00 	 -1.3561216453521254e+02 	 1.2340416793849690e+03 	 0.0000000000000000e+00
	 -3.5863248399061581e+02 	 8.9114661230301113e+00 	 0.0000000000000000e+00 	 0.0000000000000000e+00 	 0.0000000000000000e+00 	 3.3406526315408237e+03

	 0.172414 
	 7.3967818896569037e+08 	 5.6514078234087542e+07 	 0.0000000000000000e+00 	 0.0000000000000000e+00 	 0.0000000000000000e+00 	 3.3389812272473358e+07
	 5.6514078233887710e+07 	 1.5245773401634729e+09 	 0.0000000000000000e+00 	 0.0000000000000000e+00 	 0.0000000000000000e+00 	 6.1976553338001400e+07
	 0.0000000000000000e+00 	 0.0000000000000000e+00 	 1.3179463990733768e+10 	 5.6369556877313080e+09 	 -1.4974124664106244e+08 	 0.0000000000000000e+00
	 0.0000000000000000e+00 	 0.0000000000000000e+00 	 5.6369556877308779e+09 	 2.7819526481429337e+10 	 -1.9412221640889766e+09 	 0.0000000000000000e+00
	 0.0000000000000000e+00 	 0.0000000000000000e+00 	 -1.4974124664129195e+08 	 -1.9412221640891602e+09 	 1.3505345686648205e+10 	 0.0000000000000000e+00
	 3.3389812272431534e+07 	 6.1976553338072807e+07 	 0.0000000000000000e+00 	 0.0000000000000000e+00 	 0.0000000000000000e+00 	 4.6148092596475344e+09

	 8.5503912664568043e+02 	 0.0000000000000000e+00 	 0.0000000000000000e+00 	 0.0000000000000000e+00 	 0.0000000000000000e+00 	 -3.6151293015218562e+02
	 0.0000000000000000e+00 	 8.5503912664568043e+02 	 0.0000000000000000e+00 	 0.0000000000000000e+00 	 0.0000000000000000e+00 	 1.0263091757834230e+01
	 0.0000000000000000e+00 	 0.0000000000000000e+00 	 8.5503912664568043e+02 	 3.6151293015218562e+02 	 -1.0263091757834230e+01 	 0.0000000000000000e+00
	 0.0000000000000000e+00 	 0.0000000000000000e+00 	 3.6151293015218562e+02 	 1.7778712510392431e+03 	 -9.9906105964776259e+01 	 0.0000000000000000e+00
	 0.0000000000000000e+00 	 0.0000000000000000e+00 	 -1.0263091757834230e+01 	 -9.9906105964776259e+01 	 7.8907743856906757e+02 	 0.0000000000000000e+00
	 -3.6151293015218562e+02 	 1.0263091757834230e+01 	 0.0000000000000000e+00 	 0.0000000000000000e+00 	 0.0000000000000000e+00 	 2.5669486896083104e+03

	 0.206897 
	 5.3844300073522186e+08 	 4.1001421020380110e+07 	 0.0000000000000000e+00 	 0.0000000000000000e+00 	 0.0000000000000000e+00 	 4.5400182067623481e+07
	 4.1001421019842044e+07 	 1.1017543215579669e+09 	 0.0000000000000000e+00 	 0.0000000000000000e+00 	 0.0000000000000000e+00 	 4.9018577241141558e+07
	 0.0000000000000000e+00 	 0.0000000000000000e+00 	 1.1862009618872683e+10 	 5.4009335271786737e+09 	 -9.9940337835942373e+07 	 0.0000000000000000e+00
	 0.0000000000000000e+00 	 0.0000000000000000e+00 	 5.4009335271785202e+09 	 2.4895766995598686e+10 	 -1.3971031618698044e+09 	 0.0000000000000000e+00
	 0.0000000000000000e+00 	 0.0000000000000000e+00 	 -9.9940337835815668e+07 	 -1.3971031618701138e+09 	 1.0842378707832956e+10 	 0.0000000000000000e+00
	 4.5400182067834534e+07 	 4.9018577241049364e+07 	 0.0000000000000000e+00 	 0.0000000000000000e+00 	 0.0000000000000000e+00 	 2.8223543412748909e+09

	 7.4971013721867257e+02 	 0.0000000000000000e+00 	 0.0000000000000000e+00 	 0.0000000000000000e+00 	 0.0000000000000000e+00 	 -3.5677306772631198e+02
	 0.0000000000000000e+00 	 7.4971013721867257e+02 	 0.0000000000000000e+00 	 0.0000000000000000e+00 	 0.0000000000000000e+00 	 8.1037345508633543e+00
	 0.0000000000000000e+00 	 0.0000000000000000e+00 	 7.4971013721867257e+02 	 3.5677306772631198e+02 	 -8.1037345508633543e+00 	 0.0000000000000000e+00
	 0.0000000000000000e+00 	 0.0000000000000000e+00 	 3.5677306772631198e+02 	 1.5868130749255645e+03 	 -7.4593221546973396e+01 	 0.0000000000000000e+00
	 0.0000000000000000e+00 	 0.0000000000000000e+00 	 -8.1037345508633543e+00 	 -7.4593221546973396e+01 	 6.0840731225952447e+02 	 0.0000000000000000e+00
	 -3.5677306772631198e+02 	 8.1037345508633543e+00 	 0.0000000000000000e+00 	 0.0000000000000000e+00 	 0.0000000000000000e+00 	 2.1952203871850875e+03

	 0.241379 
	 4.2112661536262286e+08 	 2.3693208850279003e+07 	 0.0000000000000000e+00 	 0.0000000000000000e+00 	 0.0000000000000000e+00 	 4.1991008097819909e+07
	 2.3693208850243896e+07 	 8.0250906678916252e+08 	 0.0000000000000000e+00 	 0.0000000000000000e+00 	 0.0000000000000000e+00 	 4.1005621008122101e+07
	 0.0000000000000000e+00 	 0.0000000000000000e+00 	 1.1031723812125011e+10 	 5.0310892618971519e+09 	 -1.0847310263182995e+08 	 0.0000000000000000e+00
	 0.0000000000000000e+00 	 0.0000000000000000e+00 	 5.0310892618973360e+09 	 2.2715285134086952e+10 	 -8.8635065169309175e+08 	 0.0000000000000000e+00
	 0.0000000000000000e+00 	 0.0000000000000000e+00 	 -1.0847310263134485e+08 	 -8.8635065169285893e+08 	 9.0513252236201477e+09 	 0.0000000000000000e+00
	 4.1991008097992681e+07 	 4.1005621008011937e+07 	 0.0000000000000000e+00 	 0.0000000000000000e+00 	 0.0000000000000000e+00 	 1.7907896319670157e+09

	 6.8080914424287676e+02 	 0.0000000000000000e+00 	 0.0000000000000000e+00 	 0.0000000000000000e+00 	 0.0000000000000000e+00 	 -3.4188693821008667e+02
	 0.0000000000000000e+00 	 6.8080914424287676e+02 	 0.0000000000000000e+00 	 0.0000000000000000e+00 	 0.0000000000000000e+00 	 9.0493801985110718e+00
	 0.0000000000000000e+00 	 0.0000000000000000e+00 	 6.8080914424287676e+02 	 3.4188693821008667e+02 	 -9.0493801985110718e+00 	 0.0000000000000000e+00
	 0.0000000000000000e+00 	 0.0000000000000000e+00 	 3.4188693821008667e+02 	 1.4483616454005646e+03 	 -5.1324525008563448e+01 	 0.0000000000000000e+00
	 0.0000000000000000e+00 	 0.0000000000000000e+00 	 -9.0493801985110718e+00 	 -5.1324525008563448e+01 	 4.9185164566491994e+02 	 0.0000000000000000e+00
	 -3.4188693821008667e+02 	 9.0493801985110718e+00 	 0.0000000000000000e+00 	 0.0000000000000000e+00 	 0.0000000000000000e+00 	 1.9402132910654834e+03

	 0.275862 
	 3.4398126982808906e+08 	 1.2437144681501431e+07 	 0.0000000000000000e+00 	 0.0000000000000000e+00 	 0.0000000000000000e+00 	 4.2934837845493294e+07
	 1.2437144681513939e+07 	 6.3840428676717579e+08 	 0.0000000000000000e+00 	 0.0000000000000000e+00 	 0.0000000000000000e+00 	 3.7902456980493531e+07
	 0.0000000000000000e+00 	 0.0000000000000000e+00 	 1.0747632171445847e+10 	 5.0985479343147326e+09 	 -1.2628716930047901e+08 	 0.0000000000000000e+00
	 0.0000000000000000e+00 	 0.0000000000000000e+00 	 5.0985479343151207e+09 	 2.2675579612379604e+10 	 -6.0572873061804235e+08 	 0.0000000000000000e+00
	 0.0000000000000000e+00 	 0.0000000000000000e+00 	 -1.2628716930058633e+08 	 -6.0572873061800277e+08 	 7.3877345448556213e+09 	 0.0000000000000000e+00
	 4.2934837845506795e+07 	 3.7902456980613880e+07 	 0.0000000000000000e+00 	 0.0000000000000000e+00 	 0.0000000000000000e+00 	 1.1781167292390504e+09

	 6.4628125583256531e+02 	 0.0000000000000000e+00 	 0.0000000000000000e+00 	 0.0000000000000000e+00 	 0.0000000000000000e+00 	 -3.4496882629319333e+02
	 0.0000000000000000e+00 	 6.4628125583256531e+02 	 0.0000000000000000e+00 	 0.0000000000000000e+00 	 0.0000000000000000e+00 	 1.0399481732839821e+01
	 0.0000000000000000e+00 	 0.0000000000000000e+00 	 6.4628125583256531e+02 	 3.4496882629319333e+02 	 -1.0399481732839821e+01 	 0.0000000000000000e+00
	 0.0000000000000000e+00 	 0.0000000000000000e+00 	 3.4496882629319333e+02 	 1.4186346031572232e+03 	 -3.9090459935937858e+01 	 0.0000000000000000e+00
	 0.0000000000000000e+00 	 0.0000000000000000e+00 	 -1.0399481732839821e+01 	 -3.9090459935937858e+01 	 3.9149681076575609e+02 	 0.0000000000000000e+00
	 -3.4496882629319333e+02 	 1.0399481732839821e+01 	 0.0000000000000000e+00 	 0.0000000000000000e+00 	 0.0000000000000000e+00 	 1.8101314139229851e+03

	 0.310345 
	 3.0434953129210001e+08 	 9.6968538131515887e+06 	 0.0000000000000000e+00 	 0.0000000000000000e+00 	 0.0000000000000000e+00 	 4.3115309259235807e+07
	 9.6968538132713884e+06 	 5.9921768771522343e+08 	 0.0000000000000000e+00 	 0.0000000000000000e+00 	 0.0000000000000000e+00 	 3.6969752169475280e+07
	 0.0000000000000000e+00 	 0.0000000000000000e+00 	 1.0775829046162067e+10 	 5.0632426992681389e+09 	 -1.3062127586746106e+08 	 0.0000000000000000e+00
	 0.0000000000000000e+00 	 0.0000000000000000e+00 	 5.0632426992677517e+09 	 2.2031283933824627e+10 	 -5.2170220596063960e+08 	 0.0000000000000000e+00
	 0.0000000000000000e+00 	 0.0000000000000000e+00 	 -1.3062127586703707e+08 	 -5.2170220596035933e+08 	 6.2204960244161634e+09 	 0.0000000000000000e+00
	 4.3115309259060271e+07 	 3.6969752169479124e+07 	 0.0000000000000000e+00 	 0.0000000000000000e+00 	 0.0000000000000000e+00 	 9.0967762401029992e+08

	 6.3700713238509013e+02 	 0.0000000000000000e+00 	 0.0000000000000000e+00 	 0.0000000000000000e+00 	 0.0000000000000000e+00 	 -3.4693763291804680e+02
	 0.0000000000000000e+00 	 6.3700713238509013e+02 	 0.0000000000000000e+00 	 0.0000000000000000e+00 	 0.0000000000000000e+00 	 1.0815109473766050e+01
	 0.0000000000000000e+00 	 0.0000000000000000e+00 	 6.3700713238509013e+02 	 3.4693763291804680e+02 	 -1.0815109473766050e+01 	 0.0000000000000000e+00
	 0.0000000000000000e+00 	 0.0000000000000000e+00 	 3.4693763291804680e+02 	 1.3796429755866468e+03 	 -3.5601209083628497e+01 	 0.0000000000000000e+00
	 0.0000000000000000e+00 	 0.0000000000000000e+00 	 -1.0815109473766050e+01 	 -3.5601209083628497e+01 	 3.2472234068434153e+02 	 0.0000000000000000e+00
	 -3.4693763291804680e+02 	 1.0815109473766050e+01 	 0.0000000000000000e+00 	 0.0000000000000000e+00 	 0.0000000000000000e+00 	 1.7043653162709923e+03

	 0.344828 
	 2.8458489429862541e+08 	 8.1906011505831378e+06 	 0.0000000000000000e+00 	 0.0000000000000000e+00 	 0.0000000000000000e+00 	 3.9950775833263315e+07
	 8.1906011505934978e+06 	 5.7937293344109917e+08 	 0.0000000000000000e+00 	 0.0000000000000000e+00 	 0.0000000000000000e+00 	 3.4164056443789847e+07
	 0.0000000000000000e+00 	 0.0000000000000000e+00 	 1.0832640624295406e+10 	 4.9354722471529598e+09 	 -1.0365163332270855e+08 	 0.0000000000000000e+00
	 0.0000000000000000e+00 	 0.0000000000000000e+00 	 4.9354722471526966e+09 	 2.0847634224413025e+10 	 -4.4941717755696952e+08 	 0.0000000000000000e+00
	 0.0000000000000000e+00 	 0.0000000000000000e+00 	 -1.0365163332271871e+08 	 -4.4941717755701977e+08 	 5.5366029342325773e+09 	 0.0000000000000000e+00
	 3.9950775833037667e+07 	 3.4164056443703167e+07 	 0.0000000000000000e+00 	 0.0000000000000000e+00 	 0.0000000000000000e+00 	 7.7910801701140904e+08

	 6.3117524294141424e+02 	 0.0000000000000000e+00 	 0.0000000000000000e+00 	 0.0000000000000000e+00 	 0.0000000000000000e+00 	 -3.4013534432357795e+02
	 0.0000000000000000e+00 	 6.3117524294141424e+02 	 0.0000000000000000e+00 	 0.0000000000000000e+00 	 0.0000000000000000e+00 	 9.1524803775338306e+00
	 0.0000000000000000e+00 	 0.0000000000000000e+00 	 6.3117524294141424e+02 	 3.4013534432357795e+02 	 -9.1524803775338306e+00 	 0.0000000000000000e+00
	 0.0000000000000000e+00 	 0.0000000000000000e+00 	 3.4013534432357795e+02 	 1.3017807248957656e+03 	 -3.1423509179446697e+01 	 0.0000000000000000e+00
	 0.0000000000000000e+00 	 0.0000000000000000e+00 	 -9.1524803775338306e+00 	 -3.1423509179446697e+01 	 2.8614308189921718e+02 	 0.0000000000000000e+00
	 -3.4013534432357795e+02 	 9.1524803775338306e+00 	 0.0000000000000000e+00 	 0.0000000000000000e+00 	 0.0000000000000000e+00 	 1.5879238067949777e+03

	 0.379310 
	 2.6317804418845010e+08 	 6.9881115482137939e+06 	 0.0000000000000000e+00 	 0.0000000000000000e+00 	 0.0000000000000000e+00 	 3.7045837105223551e+07
	 6.9881115484569585e+06 	 5.5536786544609356e+08 	 0.0000000000000000e+00 	 0.0000000000000000e+00 	 0.0000000000000000e+00 	 3.1099789744932935e+07
	 0.0000000000000000e+00 	 0.0000000000000000e+00 	 1.0772069812003307e+10 	 4.7108937034843855e+09 	 -7.6308905941016376e+07 	 0.0000000000000000e+00
	 0.0000000000000000e+00 	 0.0000000000000000e+00 	 4.7108937034844503e+09 	 1.9127280994842289e+10 	 -3.8040590441615587e+08 	 0.0000000000000000e+00
	 0.0000000000000000e+00 	 0.0000000000000000e+00 	 -7.6308905941005260e+07 	 -3.8040590441606325e+08 	 4.7398341075098505e+09 	 0.0000000000000000e+00
	 3.7045837105265833e+07 	 3.1099789745146189e+07 	 0.0000000000000000e+00 	 0.0000000000000000e+00 	 0.0000000000000000e+00 	 6.4711684934076834e+08

	 6.1822268811088225e+02 	 0.0000000000000000e+00 	 0.0000000000000000e+00 	 0.0000000000000000e+00 	 0.0000000000000000e+00 	 -3.2393921104289160e+02
	 0.0000000000000000e+00 	 6.1822268811088225e+02 	 0.0000000000000000e+00 	 0.0000000000000000e+00 	 0.0000000000000000e+00 	 7.4089037221224121e+00
	 0.0000000000000000e+00 	 0.0000000000000000e+00 	 6.1822268811088225e+02 	 3.2393921104289160e+02 	 -7.4089037221224121e+00 	 0.0000000000000000e+00
	 0.0000000000000000e+00 	 0.0000000000000000e+00 	 3.2393921104289160e+02 	 1.1854356844403912e+03 	 -2.7017759902272910e+01 	 0.0000000000000000e+00
	 0.0000000000000000e+00 	 0.0000000000000000e+00 	 -7.4089037221224121e+00 	 -2.7017759902272910e+01 	 2.4251762984083800e+02 	 0.0000000000000000e+00
	 -3.2393921104289160e+02 	 7.4089037221224121e+00 	 0.0000000000000000e+00 	 0.0000000000000000e+00 	 0.0000000000000000e+00 	 1.4279533142812300e+03

	 0.413793 
	 2.4198816370364520e+08 	 5.6784270294650476e+06 	 0.0000000000000000e+00 	 0.0000000000000000e+00 	 0.0000000000000000e+00 	 3.3581281794969060e+07
	 5.6784270295999236e+06 	 5.3003756356403977e+08 	 0.0000000000000000e+00 	 0.0000000000000000e+00 	 0.0000000000000000e+00 	 2.7997250500542808e+07
	 0.0000000000000000e+00 	 0.0000000000000000e+00 	 1.0619351185316830e+10 	 4.4589192700332680e+09 	 -4.9373880592530474e+07 	 0.0000000000000000e+00
	 0.0000000000000000e+00 	 0.0000000000000000e+00 	 4.4589192700330057e+09 	 1.7321247102283539e+10 	 -3.1467635487676758e+08 	 0.0000000000000000e+00
	 0.0000000000000000e+00 	 0.0000000000000000e+00 	 -4.9373880592350930e+07 	 -3.1467635487680060e+08 	 3.9801202910621023e+09 	 0.0000000000000000e+00
	 3.3581281794870272e+07 	 2.7997250500593644e+07 	 0.0000000000000000e+00 	 0.0000000000000000e+00 	 0.0000000000000000e+00 	 5.3274683467055124e+08

	 5.9805424827195009e+02 	 0.0000000000000000e+00 	 0.0000000000000000e+00 	 0.0000000000000000e+00 	 0.0000000000000000e+00 	 -2.9993418805426001e+02
	 0.0000000000000000e+00 	 5.9805424827195009e+02 	 0.0000000000000000e+00 	 0.0000000000000000e+00 	 0.0000000000000000e+00 	 6.3388748782150577e+00
	 0.0000000000000000e+00 	 0.0000000000000000e+00 	 5.9805424827195009e+02 	 2.9993418805426001e+02 	 -6.3388748782150577e+00 	 0.0000000000000000e+00
	 0.0000000000000000e+00 	 0.0000000000000000e+00 	 2.9993418805426001e+02 	 1.0540989491080240e+03 	 -2.3469066740434496e+01 	 0.0000000000000000e+00
	 0.0000000000000000e+00 	 0.0000000000000000e+00 	 -6.3388748782150577e+00 	 -2.3469066740434496e+01 	 2.0144608681459940e+02 	 0.0000000000000000e+00
	 -2.9993418805426001e+02 	 6.3388748782150577e+00 	 0.0000000000000000e+00 	 0.0000000000000000e+00 	 0.0000000000000000e+00 	 1.2555450359226231e+03

	 0.448276 
	 1.4627288938582358e+08 	 4.5839863332286375e+06 	 0.0000000000000000e+00 	 0.0000000000000000e+00 	 0.0000000000000000e+00 	 3.0666185018618297e+07
	 4.5839863333480638e+06 	 5.0135917046292233e+08 	 0.0000000000000000e+00 	 0.0000000000000000e+00 	 0.0000000000000000e+00 	 2.8494282840145774e+07
	 0.0000000000000000e+00 	 0.0000000000000000e+00 	 1.0508061131426958e+10 	 4.7677684844077625e+09 	 -2.4838041983886864e+07 	 0.0000000000000000e+00
	 0.0000000000000000e+00 	 0.0000000000000000e+00 	 4.7677684844073935e+09 	 1.7411763733993927e+10 	 -2.5317015993921635e+08 	 0.0000000000000000e+00
	 0.0000000000000000e+00 	 0.0000000000000000e+00 	 -2.4838041983939290e+07 	 -2.5317015993934432e+08 	 3.2934427994532804e+09 	 0.0000000000000000e+00
	 3.0666185018643547e+07 	 2.8494282840239689e+07 	 0.0000000000000000e+00 	 0.0000000000000000e+00 	 0.0000000000000000e+00 	 4.1662216566014892e+08

	 5.7274977468526629e+02 	 0.0000000000000000e+00 	 0.0000000000000000e+00 	 0.0000000000000000e+00 	 0.0000000000000000e+00 	 -2.9969086935971274e+02
	 0.0000000000000000e+00 	 5.7274977468526629e+02 	 0.0000000000000000e+00 	 0.0000000000000000e+00 	 0.0000000000000000e+00 	 3.7461992720377428e+00
	 0.0000000000000000e+00 	 0.0000000000000000e+00 	 5.7274977468526629e+02 	 2.9969086935971274e+02 	 -3.7461992720377428e+00 	 0.0000000000000000e+00
	 0.0000000000000000e+00 	 0.0000000000000000e+00 	 2.9969086935971274e+02 	 1.0084940173083720e+03 	 -1.8072017178055166e+01 	 0.0000000000000000e+00
	 0.0000000000000000e+00 	 0.0000000000000000e+00 	 -3.7461992720377428e+00 	 -1.8072017178055166e+01 	 1.6396769920287682e+02 	 0.0000000000000000e+00
	 -2.9969086935971274e+02 	 3.7461992720377428e+00 	 0.0000000000000000e+00 	 0.0000000000000000e+00 	 0.0000000000000000e+00 	 1.1724617165112481e+03

	 0.482759 
	 1.3209640914399078e+08 	 4.4370545480633602e+06 	 0.0000000000000000e+00 	 0.0000000000000000e+00 	 0.0000000000000000e+00 	 2.7742712758716069e+07
	 4.4370545482679280e+06 	 4.7974921377822238e+08 	 0.0000000000000000e+00 	 0.0000000000000000e+00 	 0.0000000000000000e+00 	 2.3014723094693717e+07
	 0.0000000000000000e+00 	 0.0000000000000000e+00 	 1.0056137838038486e+10 	 3.9675074115627193e+09 	 -7.4829764207459548e+06 	 0.0000000000000000e+00
	 0.0000000000000000e+00 	 0.0000000000000000e+00 	 3.9675074115629082e+09 	 1.3925133090695499e+10 	 -1.9595932780960223e+08 	 0.0000000000000000e+00
	 0.0000000000000000e+00 	 0.0000000000000000e+00 	 -7.4829764206256289e+06 	 -1.9595932780954579e+08 	 2.6591100069695363e+09 	 0.0000000000000000e+00
	 2.7742712758763820e+07 	 2.3014723094702844e+07 	 0.0000000000000000e+00 	 0.0000000000000000e+00 	 0.0000000000000000e+00 	 3.3302926780637830e+08

	 5.4211852733106355e+02 	 0.0000000000000000e+00 	 0.0000000000000000e+00 	 0.0000000000000000e+00 	 0.0000000000000000e+00 	 -2.5299082460317914e+02
	 0.0000000000000000e+00 	 5.4211852733106355e+02 	 0.0000000000000000e+00 	 0.0000000000000000e+00 	 0.0000000000000000e+00 	 2.1933261387778540e+00
	 0.0000000000000000e+00 	 0.0000000000000000e+00 	 5.4211852733106355e+02 	 2.5299082460317914e+02 	 -2.1933261387778540e+00 	 0.0000000000000000e+00
	 0.0000000000000000e+00 	 0.0000000000000000e+00 	 2.5299082460317914e+02 	 8.1325225188806871e+02 	 -1.3911361549515309e+01 	 0.0000000000000000e+00
	 0.0000000000000000e+00 	 0.0000000000000000e+00 	 -2.1933261387778540e+00 	 -1.3911361549515309e+01 	 1.3126789460067187e+02 	 0.0000000000000000e+00
	 -2.5299082460317914e+02 	 2.1933261387778540e+00 	 0.0000000000000000e+00 	 0.0000000000000000e+00 	 0.0000000000000000e+00 	 9.4452014648874092e+02

	 0.517241 
	 1.2122698194185381e+08 	 4.2074371761921886e+06 	 0.0000000000000000e+00 	 0.0000000000000000e+00 	 0.0000000000000000e+00 	 2.1994166788664371e+07
	 4.2074371762678633e+06 	 4.5327776222290725e+08 	 0.0000000000000000e+00 	 0.0000000000000000e+00 	 0.0000000000000000e+00 	 2.0412051083739404e+07
	 0.0000000000000000e+00 	 0.0000000000000000e+00 	 9.6387143965922222e+09 	 3.4224994572560325e+09 	 -4.1179653061515749e+07 	 0.0000000000000000e+00
	 0.0000000000000000e+00 	 0.0000000000000000e+00 	 3.4224994572558732e+09 	 1.1455476018505480e+10 	 -1.6467480426135439e+08 	 0.0000000000000000e+00
	 0.0000000000000000e+00 	 0.0000000000000000e+00 	 -4.1179653061632007e+07 	 -1.6467480426152718e+08 	 2.1502067925029874e+09 	 0.0000000000000000e+00
	 2.1994166788743854e+07 	 2.0412051083937995e+07 	 0.0000000000000000e+00 	 0.0000000000000000e+00 	 0.0000000000000000e+00 	 2.7174775059719032e+08

	 5.1492427318200760e+02 	 0.0000000000000000e+00 	 0.0000000000000000e+00 	 0.0000000000000000e+00 	 0.0000000000000000e+00 	 -2.1996049077988161e+02
	 0.0000000000000000e+00 	 5.1492427318200760e+02 	 0.0000000000000000e+00 	 0.0000000000000000e+00 	 0.0000000000000000e+00 	 3.7049869075572404e+00
	 0.0000000000000000e+00 	 0.0000000000000000e+00 	 5.1492427318200760e+02 	 2.1996049077988161e+02 	 -3.7049869075572404e+00 	 0.0000000000000000e+00
	 0.0000000000000000e+00 	 0.0000000000000000e+00 	 2.1996049077988161e+02 	 6.6980511573110709e+02 	 -1.1733431719911527e+01 	 0.0000000000000000e+00
	 0.0000000000000000e+00 	 0.0000000000000000e+00 	 -3.7049869075572404e+00 	 -1.1733431719911527e+01 	 1.0548345739348437e+02 	 0.0000000000000000e+00
	 -2.1996049077988161e+02 	 3.7049869075572404e+00 	 0.0000000000000000e+00 	 0.0000000000000000e+00 	 0.0000000000000000e+00 	 7.7528857312458967e+02

	 0.551724 
	 1.1005278749212201e+08 	 3.6727743182088970e+06 	 0.0000000000000000e+00 	 0.0000000000000000e+00 	 0.0000000000000000e+00 	 1.9979630727549121e+07
	 3.6727743184309965e+06 	 4.3062350565408999e+08 	 0.0000000000000000e+00 	 0.0000000000000000e+00 	 0.0000000000000000e+00 	 1.8431841636719361e+07
	 0.0000000000000000e+00 	 0.0000000000000000e+00 	 9.1256843231463032e+09 	 2.8542171802885728e+09 	 -6.5452991344922878e+07 	 0.0000000000000000e+00
	 0.0000000000000000e+00 	 0.0000000000000000e+00 	 2.8542171802885056e+09 	 9.1656186459027748e+09 	 -1.2993324633275367e+08 	 0.0000000000000000e+00
	 0.0000000000000000e+00 	 0.0000000000000000e+00 	 -6.5452991344925269e+07 	 -1.2993324633278011e+08 	 1.7050374110744247e+09 	 0.0000000000000000e+00
	 1.9979630727506492e+07 	 1.8431841636779677e+07 	 0.0000000000000000e+00 	 0.0000000000000000e+00 	 0.0000000000000000e+00 	 2.1779452397781831e+08

	 4.7989269652939151e+02 	 0.0000000000000000e+00 	 0.0000000000000000e+00 	 0.0000000000000000e+00 	 0.0000000000000000e+00 	 -1.8053852140669159e+02
	 0.0000000000000000e+00 	 4.7989269652939151e+02 	 0.0000000000000000e+00 	 0.0000000000000000e+00 	 0.0000000000000000e+00 	 4.7854458366137669e+00
	 0.0000000000000000e+00 	 0.0000000000000000e+00 	 4.7989269652939151e+02 	 1.8053852140669159e+02 	 -4.7854458366137669e+00 	 0.0000000000000000e+00
	 0.0000000000000000e+00 	 0.0000000000000000e+00 	 1.8053852140669159e+02 	 5.2880159399580884e+02 	 -9.3921141295226978e+00 	 0.0000000000000000e+00
	 0.0000000000000000e+00 	 0.0000000000000000e+00 	 -4.7854458366137669e+00 	 -9.3921141295226978e+00 	 8.2921906868656293e+01 	 0.0000000000000000e+00
	 -1.8053852140669159e+02 	 4.7854458366137669e+00 	 0.0000000000000000e+00 	 0.0000000000000000e+00 	 0.0000000000000000e+00 	 6.1172350086446409e+02

	 0.586207 
	 9.9518920503688529e+07 	 3.4226456874642167e+06 	 0.0000000000000000e+00 	 0.0000000000000000e+00 	 0.0000000000000000e+00 	 1.8318865433160704e+07
	 3.4226456875463352e+06 	 4.1220269394500190e+08 	 0.0000000000000000e+00 	 0.0000000000000000e+00 	 0.0000000000000000e+00 	 1.6805310800070979e+07
	 0.0000000000000000e+00 	 0.0000000000000000e+00 	 8.5488597367195377e+09 	 2.3173983431174626e+09 	 -8.2906679871143669e+07 	 0.0000000000000000e+00
	 0.0000000000000000e+00 	 0.0000000000000000e+00 	 2.3173983431175160e+09 	 7.1555075303833008e+09 	 -1.0118875955254282e+08 	 0.0000000000000000e+00
	 0.0000000000000000e+00 	 0.0000000000000000e+00 	 -8.2906679871091798e+07 	 -1.0118875955238177e+08 	 1.3276994797064550e+09 	 0.0000000000000000e+00
	 1.8318865433111336e+07 	 1.6805310800086603e+07 	 0.0000000000000000e+00 	 0.0000000000000000e+00 	 0.0000000000000000e+00 	 1.7219897340298212e+08

	 4.4648355032995596e+02 	 0.0000000000000000e+00 	 0.0000000000000000e+00 	 0.0000000000000000e+00 	 0.0000000000000000e+00 	 -1.4937091388397619e+02
	 0.0000000000000000e+00 	 4.4648355032995596e+02 	 0.0000000000000000e+00 	 0.0000000000000000e+00 	 0.0000000000000000e+00 	 5.4492194911307346e+00
	 0.0000000000000000e+00 	 0.0000000000000000e+00 	 4.4648355032995596e+02 	 1.4937091388397619e+02 	 -5.4492194911307346e+00 	 0.0000000000000000e+00
	 0.0000000000000000e+00 	 0.0000000000000000e+00 	 1.4937091388397619e+02 	 4.1528008234722626e+02 	 -7.4595771243277547e+00 	 0.0000000000000000e+00
	 0.0000000000000000e+00 	 0.0000000000000000e+00 	 -5.4492194911307346e+00 	 -7.4595771243277547e+00 	 6.4248179015504277e+01 	 0.0000000000000000e+00
	 -1.4937091388397619e+02 	 5.4492194911307346e+00 	 0.0000000000000000e+00 	 0.0000000000000000e+00 	 0.0000000000000000e+00 	 4.7952826136272921e+02

	 0.620690 
	 8.9507247822043821e+07 	 3.1412267758342279e+06 	 0.0000000000000000e+00 	 0.0000000000000000e+00 	 0.0000000000000000e+00 	 1.6396720916449193e+07
	 3.1412267758092391e+06 	 3.9281947917976338e+08 	 0.0000000000000000e+00 	 0.0000000000000000e+00 	 0.0000000000000000e+00 	 1.5011538300282184e+07
	 0.0000000000000000e+00 	 0.0000000000000000e+00 	 7.9501795165081310e+09 	 1.8947502462040787e+09 	 -9.5490585815058082e+07 	 0.0000000000000000e+00
	 0.0000000000000000e+00 	 0.0000000000000000e+00 	 1.8947502462040694e+09 	 5.5720575579585304e+09 	 -7.9734187844780788e+07 	 0.0000000000000000e+00
	 0.0000000000000000e+00 	 0.0000000000000000e+00 	 -9.5490585815069154e+07 	 -7.9734187844805107e+07 	 1.0097338143682917e+09 	 0.0000000000000000e+00
	 1.6396720916452561e+07 	 1.5011538300325068e+07 	 0.0000000000000000e+00 	 0.0000000000000000e+00 	 0.0000000000000000e+00 	 1.3467009786571237e+08

	 4.1119964513666076e+02 	 0.0000000000000000e+00 	 0.0000000000000000e+00 	 0.0000000000000000e+00 	 0.0000000000000000e+00 	 -1.2270665465808483e+02
	 0.0000000000000000e+00 	 4.1119964513666076e+02 	 0.0000000000000000e+00 	 0.0000000000000000e+00 	 0.0000000000000000e+00 	 5.9770477896702499e+00
	 0.0000000000000000e+00 	 0.0000000000000000e+00 	 4.1119964513666076e+02 	 1.2270665465808483e+02 	 -5.9770477896702499e+00 	 0.0000000000000000e+00
	 0.0000000000000000e+00 	 0.0000000000000000e+00 	 1.2270665465808483e+02 	 3.2245363200139985e+02 	 -6.0074192721221040e+00 	 0.0000000000000000e+00
	 0.0000000000000000e+00 	 0.0000000000000000e+00 	 -5.9770477896702499e+00 	 -6.0074192721221040e+00 	 4.8597541714563611e+01 	 0.0000000000000000e+00
	 -1.2270665465808483e+02 	 5.9770477896702499e+00 	 0.0000000000000000e+00 	 0.0000000000000000e+00 	 0.0000000000000000e+00 	 3.7105117371596162e+02

	 0.655172 
	 8.0350897185398802e+07 	 3.0757649202839108e+06 	 0.0000000000000000e+00 	 0.0000000000000000e+00 	 0.0000000000000000e+00 	 1.4554616132049033e+07
	 3.0757649203082547e+06 	 3.7470243182245636e+08 	 0.0000000000000000e+00 	 0.0000000000000000e+00 	 0.0000000000000000e+00 	 1.3450624431372171e+07
	 0.0000000000000000e+00 	 0.0000000000000000e+00 	 7.3197828183905897e+09 	 1.5244292231352341e+09 	 -1.0327972641809843e+08 	 0.0000000000000000e+00
	 0.0000000000000000e+00 	 0.0000000000000000e+00 	 1.5244292231352630e+09 	 4.2570690040441027e+09 	 -6.3170994699924901e+07 	 0.0000000000000000e+00
	 0.0000000000000000e+00 	 0.0000000000000000e+00 	 -1.0327972641809833e+08 	 -6.3170994699889310e+07 	 7.4756587136228561e+08 	 0.0000000000000000e+00
	 1.4554616132033499e+07 	 1.3450624431379041e+07 	 0.0000000000000000e+00 	 0.0000000000000000e+00 	 0.0000000000000000e+00 	 1.0374792073894523e+08

	 3.7659219226957873e+02 	 0.0000000000000000e+00 	 0.0000000000000000e+00 	 0.0000000000000000e+00 	 0.0000000000000000e+00 	 -1.0012383603495715e+02
	 0.0000000000000000e+00 	 3.7659219226957873e+02 	 0.0000000000000000e+00 	 0.0000000000000000e+00 	 0.0000000000000000e+00 	 6.1301202501573995e+00
	 0.0000000000000000e+00 	 0.0000000000000000e+00 	 3.7659219226957873e+02 	 1.0012383603495715e+02 	 -6.1301202501573995e+00 	 0.0000000000000000e+00
	 0.0000000000000000e+00 	 0.0000000000000000e+00 	 1.0012383603495715e+02 	 2.4667360559117412e+02 	 -4.7268937928018193e+00 	 0.0000000000000000e+00
	 0.0000000000000000e+00 	 0.0000000000000000e+00 	 -6.1301202501573995e+00 	 -4.7268937928018193e+00 	 3.5840713546083528e+01 	 0.0000000000000000e+00
	 -1.0012383603495715e+02 	 6.1301202501573995e+00 	 0.0000000000000000e+00 	 0.0000000000000000e+00 	 0.0000000000000000e+00 	 2.8251431913725810e+02

	 0.689655 
	 7.1483229520613596e+07 	 3.0908147562541412e+06 	 0.0000000000000000e+00 	 0.0000000000000000e+00 	 0.0000000000000000e+00 	 1.3117549576974975e+07
	 3.0908147562685884e+06 	 3.6183455104178566e+08 	 0.0000000000000000e+00 	 0.0000000000000000e+00 	 0.0000000000000000e+00 	 1.2356138942125125e+07
	 0.0000000000000000e+00 	 0.0000000000000000e+00 	 6.6108078102105427e+09 	 1.1175024837328160e+09 	 -1.0360949239589024e+08 	 0.0000000000000000e+00
	 0.0000000000000000e+00 	 0.0000000000000000e+00 	 1.1175024837327533e+09 	 3.0409139914188895e+09 	 -4.4986074631701142e+07 	 0.0000000000000000e+00
	 0.0000000000000000e+00 	 0.0000000000000000e+00 	 -1.0360949239587714e+08 	 -4.4986074631691433e+07 	 5.3729903867289400e+08 	 0.0000000000000000e+00
	 1.3117549576973839e+07 	 1.2356138942121912e+07 	 0.0000000000000000e+00 	 0.0000000000000000e+00 	 0.0000000000000000e+00 	 7.8607694472980857e+07

	 3.3800522023785408e+02 	 0.0000000000000000e+00 	 0.0000000000000000e+00 	 0.0000000000000000e+00 	 0.0000000000000000e+00 	 -7.5565199122483278e+01
	 0.0000000000000000e+00 	 3.3800522023785408e+02 	 0.0000000000000000e+00 	 0.0000000000000000e+00 	 0.0000000000000000e+00 	 5.8147797545834488e+00
	 0.0000000000000000e+00 	 0.0000000000000000e+00 	 3.3800522023785408e+02 	 7.5565199122483278e+01 	 -5.8147797545834488e+00 	 0.0000000000000000e+00
	 0.0000000000000000e+00 	 0.0000000000000000e+00 	 7.5565199122483278e+01 	 1.7728240633108956e+02 	 -3.3404457314234488e+00 	 0.0000000000000000e+00
	 0.0000000000000000e+00 	 0.0000000000000000e+00 	 -5.8147797545834488e+00 	 -3.3404457314234488e+00 	 2.5642353165389160e+01 	 0.0000000000000000e+00
	 -7.5565199122483278e+01 	 5.8147797545834488e+00 	 0.0000000000000000e+00 	 0.0000000000000000e+00 	 0.0000000000000000e+00 	 2.0292475949647823e+02

	 0.724138 
	 6.1303432652986825e+07 	 3.0658556885924814e+06 	 0.0000000000000000e+00 	 0.0000000000000000e+00 	 0.0000000000000000e+00 	 9.8035406277726069e+06
	 3.0658556886235271e+06 	 3.4513019341862094e+08 	 0.0000000000000000e+00 	 0.0000000000000000e+00 	 0.0000000000000000e+00 	 1.1024422725640187e+07
	 0.0000000000000000e+00 	 0.0000000000000000e+00 	 5.7979686567546444e+09 	 8.3774843523465645e+08 	 -9.8246082511863500e+07 	 0.0000000000000000e+00
	 0.0000000000000000e+00 	 0.0000000000000000e+00 	 8.3774843523466229e+08 	 2.0743574047547719e+09 	 -3.0686695019721560e+07 	 0.0000000000000000e+00
	 0.0000000000000000e+00 	 0.0000000000000000e+00 	 -9.8246082511853486e+07 	 -3.0686695019704003e+07 	 3.7074252851984394e+08 	 0.0000000000000000e+00
	 9.8035406277719885e+06 	 1.1024422725640135e+07 	 0.0000000000000000e+00 	 0.0000000000000000e+00 	 0.0000000000000000e+00 	 5.6473905100401953e+07

	 2.9654326466464278e+02 	 0.0000000000000000e+00 	 0.0000000000000000e+00 	 0.0000000000000000e+00 	 0.0000000000000000e+00 	 -5.7725991057972408e+01
	 0.0000000000000000e+00 	 2.9654326466464278e+02 	 0.0000000000000000e+00 	 0.0000000000000000e+00 	 0.0000000000000000e+00 	 5.3982400191660558e+00
	 0.0000000000000000e+00 	 0.0000000000000000e+00 	 2.9654326466464278e+02 	 5.7725991057972408e+01 	 -5.3982400191660558e+00 	 0.0000000000000000e+00
	 0.0000000000000000e+00 	 0.0000000000000000e+00 	 5.7725991057972408e+01 	 1.2303827515037982e+02 	 -2.3642775928164061e+00 	 0.0000000000000000e+00
	 0.0000000000000000e+00 	 0.0000000000000000e+00 	 -5.3982400191660558e+00 	 -2.3642775928164061e+00 	 1.7661839172529842e+01 	 0.0000000000000000e+00
	 -5.7725991057972408e+01 	 5.3982400191660558e+00 	 0.0000000000000000e+00 	 0.0000000000000000e+00 	 0.0000000000000000e+00 	 1.4070011432291017e+02

	 0.758621 
	 5.1016257099374920e+07 	 2.9093947156089796e+06 	 0.0000000000000000e+00 	 0.0000000000000000e+00 	 0.0000000000000000e+00 	 6.1504397595712431e+06
	 2.9093947155966819e+06 	 3.2035041355141902e+08 	 0.0000000000000000e+00 	 0.0000000000000000e+00 	 0.0000000000000000e+00 	 9.4583458727024775e+06
	 0.0000000000000000e+00 	 0.0000000000000000e+00 	 4.9435245135547972e+09 	 6.5995171453968310e+08 	 -8.9087093388409063e+07 	 0.0000000000000000e+00
	 0.0000000000000000e+00 	 0.0000000000000000e+00 	 6.5995171453969026e+08 	 1.3610955729893160e+09 	 -2.0577182575277854e+07 	 0.0000000000000000e+00
	 0.0000000000000000e+00 	 0.0000000000000000e+00 	 -8.9087093388397425e+07 	 -2.0577182575268678e+07 	 2.4513748393621320e+08 	 0.0000000000000000e+00
	 6.1504397595743816e+06 	 9.4583458726897147e+06 	 0.0000000000000000e+00 	 0.0000000000000000e+00 	 0.0000000000000000e+00 	 3.8808036019233987e+07

	 2.5280456295059216e+02 	 0.0000000000000000e+00 	 0.0000000000000000e+00 	 0.0000000000000000e+00 	 0.0000000000000000e+00 	 -4.3959738967771791e+01
	 0.0000000000000000e+00 	 2.5280456295059216e+02 	 0.0000000000000000e+00 	 0.0000000000000000e+00 	 0.0000000000000000e+00 	 4.7714923468346839e+00
	 0.0000000000000000e+00 	 0.0000000000000000e+00 	 2.5280456295059216e+02 	 4.3959738967771791e+01 	 -4.7714923468346839e+00 	 0.0000000000000000e+00
	 0.0000000000000000e+00 	 0.0000000000000000e+00 	 4.3959738967771791e+01 	 8.1725470142140168e+01 	 -1.5931394082890105e+00 	 0.0000000000000000e+00
	 0.0000000000000000e+00 	 0.0000000000000000e+00 	 -4.7714923468346839e+00 	 -1.5931394082890105e+00 	 1.1657194009147080e+01 	 0.0000000000000000e+00
	 -4.3959738967771791e+01 	 4.7714923468346839e+00 	 0.0000000000000000e+00 	 0.0000000000000000e+00 	 0.0000000000000000e+00 	 9.3382664151286917e+01

	 0.793103 
	 4.1281187097200602e+07 	 2.5686414581032535e+06 	 0.0000000000000000e+00 	 0.0000000000000000e+00 	 0.0000000000000000e+00 	 4.0864076737807975e+06
	 2.5686414581040293e+06 	 2.8788598406997657e+08 	 0.0000000000000000e+00 	 0.0000000000000000e+00 	 0.0000000000000000e+00 	 8.2769779576411750e+06
	 0.0000000000000000e+00 	 0.0000000000000000e+00 	 4.1124024206005149e+09 	 4.5686640197841471e+08 	 -8.3977268875882953e+07 	 0.0000000000000000e+00
	 0.0000000000000000e+00 	 0.0000000000000000e+00 	 4.5686640197841007e+08 	 8.4266854607738411e+08 	 -1.3473478335923303e+07 	 0.0000000000000000e+00
	 0.0000000000000000e+00 	 0.0000000000000000e+00 	 -8.3977268875886515e+07 	 -1.3473478335923284e+07 	 1.5001588230956697e+08 	 0.0000000000000000e+00
	 4.0864076737803645e+06 	 8.2769779576501893e+06 	 0.0000000000000000e+00 	 0.0000000000000000e+00 	 0.0000000000000000e+00 	 2.5110129756124642e+07

	 2.0896711585915980e+02 	 0.0000000000000000e+00 	 0.0000000000000000e+00 	 0.0000000000000000e+00 	 0.0000000000000000e+00 	 -3.0153233981193900e+01
	 0.0000000000000000e+00 	 2.0896711585915980e+02 	 0.0000000000000000e+00 	 0.0000000000000000e+00 	 0.0000000000000000e+00 	 4.3501266633086360e+00
	 0.0000000000000000e+00 	 0.0000000000000000e+00 	 2.0896711585915980e+02 	 3.0153233981193900e+01 	 -4.3501266633086360e+00 	 0.0000000000000000e+00
	 0.0000000000000000e+00 	 0.0000000000000000e+00 	 3.0153233981193900e+01 	 5.0789784001221470e+01 	 -1.0119140761306114e+00 	 0.0000000000000000e+00
	 0.0000000000000000e+00 	 0.0000000000000000e+00 	 -4.3501266633086360e+00 	 -1.0119140761306114e+00 	 7.1108215231543523e+00 	 0.0000000000000000e+00
	 -3.0153233981193900e+01 	 4.3501266633086360e+00 	 0.0000000000000000e+00 	 0.0000000000000000e+00 	 0.0000000000000000e+00 	 5.7900605524376019e+01

	 0.827586 
	 3.3989421645648219e+07 	 2.5724892767262771e+06 	 0.0000000000000000e+00 	 0.0000000000000000e+00 	 0.0000000000000000e+00 	 3.7192591954025505e+06
	 2.5724892767221062e+06 	 2.7084940547964382e+08 	 0.0000000000000000e+00 	 0.0000000000000000e+00 	 0.0000000000000000e+00 	 7.5519533265200639e+06
	 0.0000000000000000e+00 	 0.0000000000000000e+00 	 3.4097646562393680e+09 	 2.9556856063691384e+08 	 -7.5093449371090740e+07 	 0.0000000000000000e+00
	 0.0000000000000000e+00 	 0.0000000000000000e+00 	 2.9556856063691461e+08 	 5.3902609273692107e+08 	 -9.1380473000463154e+06 	 0.0000000000000000e+00
	 0.0000000000000000e+00 	 0.0000000000000000e+00 	 -7.5093449371091217e+07 	 -9.1380473000457920e+06 	 8.5123200171758965e+07 	 0.0000000000000000e+00
	 3.7192591954037067e+06 	 7.5519533265201179e+06 	 0.0000000000000000e+00 	 0.0000000000000000e+00 	 0.0000000000000000e+00 	 1.6395373400035165e+07

	 1.7218829194881096e+02 	 0.0000000000000000e+00 	 0.0000000000000000e+00 	 0.0000000000000000e+00 	 0.0000000000000000e+00 	 -1.9858644140871558e+01
	 0.0000000000000000e+00 	 1.7218829194881096e+02 	 0.0000000000000000e+00 	 0.0000000000000000e+00 	 0.0000000000000000e+00 	 3.8058155269604033e+00
	 0.0000000000000000e+00 	 0.0000000000000000e+00 	 1.7218829194881096e+02 	 1.9858644140871558e+01 	 -3.8058155269604033e+00 	 0.0000000000000000e+00
	 0.0000000000000000e+00 	 0.0000000000000000e+00 	 1.9858644140871558e+01 	 3.2052320430221187e+01 	 -6.5009548234436609e-01 	 0.0000000000000000e+00
	 0.0000000000000000e+00 	 0.0000000000000000e+00 	 -3.8058155269604033e+00 	 -6.5009548234436609e-01 	 4.0398049762107568e+00 	 0.0000000000000000e+00
	 -1.9858644140871558e+01 	 3.8058155269604033e+00 	 0.0000000000000000e+00 	 0.0000000000000000e+00 	 0.0000000000000000e+00 	 3.6092125406431840e+01

	 0.862069 
	 2.7516139907874066e+07 	 2.0310989941464541e+06 	 0.0000000000000000e+00 	 0.0000000000000000e+00 	 0.0000000000000000e+00 	 2.4296634520869148e+06
	 2.0310989941484670e+06 	 2.1666117388283622e+08 	 0.0000000000000000e+00 	 0.0000000000000000e+00 	 0.0000000000000000e+00 	 5.8559264513029018e+06
	 0.0000000000000000e+00 	 0.0000000000000000e+00 	 2.5006426165290561e+09 	 1.8610570100810650e+08 	 -5.5591601453470178e+07 	 0.0000000000000000e+00
	 0.0000000000000000e+00 	 0.0000000000000000e+00 	 1.8610570100810820e+08 	 3.1635870845190102e+08 	 -5.7174694838280398e+06 	 0.0000000000000000e+00
	 0.0000000000000000e+00 	 0.0000000000000000e+00 	 -5.5591601453468427e+07 	 -5.7174694838287253e+06 	 4.0920875363611013e+07 	 0.0000000000000000e+00
	 2.4296634520856850e+06 	 5.8559264513017833e+06 	 0.0000000000000000e+00 	 0.0000000000000000e+00 	 0.0000000000000000e+00 	 9.7022130521072224e+06

	 1.2806639274634026e+02 	 0.0000000000000000e+00 	 0.0000000000000000e+00 	 0.0000000000000000e+00 	 0.0000000000000000e+00 	 -1.2569164401679494e+01
	 0.0000000000000000e+00 	 1.2806639274634026e+02 	 0.0000000000000000e+00 	 0.0000000000000000e+00 	 0.0000000000000000e+00 	 2.8262488909806245e+00
	 0.0000000000000000e+00 	 0.0000000000000000e+00 	 1.2806639274634026e+02 	 1.2569164401679494e+01 	 -2.8262488909806245e+00 	 0.0000000000000000e+00
	 0.0000000000000000e+00 	 0.0000000000000000e+00 	 1.2569164401679494e+01 	 1.8637104390838299e+01 	 -3.8973155769210727e-01 	 0.0000000000000000e+00
	 0.0000000000000000e+00 	 0.0000000000000000e+00 	 -2.8262488909806245e+00 	 -3.8973155769210727e-01 	 1.9728920706274784e+00 	 0.0000000000000000e+00
	 -1.2569164401679494e+01 	 2.8262488909806245e+00 	 0.0000000000000000e+00 	 0.0000000000000000e+00 	 0.0000000000000000e+00 	 2.0609996461465716e+01

	 0.896552 
	 2.0361844445648044e+07 	 1.5955481972151496e+06 	 0.0000000000000000e+00 	 0.0000000000000000e+00 	 0.0000000000000000e+00 	 1.0896078313063518e+06
	 1.5955481972149021e+06 	 1.5950849994234410e+08 	 0.0000000000000000e+00 	 0.0000000000000000e+00 	 0.0000000000000000e+00 	 4.5498246503178766e+06
	 0.0000000000000000e+00 	 0.0000000000000000e+00 	 1.6754869423478246e+09 	 1.1839300376979044e+08 	 -3.8588383433312736e+07 	 0.0000000000000000e+00
	 0.0000000000000000e+00 	 0.0000000000000000e+00 	 1.1839300376978856e+08 	 1.6251649887357184e+08 	 -3.5624454137741597e+06 	 0.0000000000000000e+00
	 0.0000000000000000e+00 	 0.0000000000000000e+00 	 -3.8588383433312230e+07 	 -3.5624454137734124e+06 	 1.7397540597264472e+07 	 0.0000000000000000e+00
	 1.0896078313064224e+06 	 4.5498246503189523e+06 	 0.0000000000000000e+00 	 0.0000000000000000e+00 	 0.0000000000000000e+00 	 5.0627936589295426e+06

	 8.7643532672318244e+01 	 0.0000000000000000e+00 	 0.0000000000000000e+00 	 0.0000000000000000e+00 	 0.0000000000000000e+00 	 -7.8237141420937810e+00
	 0.0000000000000000e+00 	 8.7643532672318244e+01 	 0.0000000000000000e+00 	 0.0000000000000000e+00 	 0.0000000000000000e+00 	 1.9871057599757271e+00
	 0.0000000000000000e+00 	 0.0000000000000000e+00 	 8.7643532672318244e+01 	 7.8237141420937810e+00 	 -1.9871057599757271e+00 	 0.0000000000000000e+00
	 0.0000000000000000e+00 	 0.0000000000000000e+00 	 7.8237141420937810e+00 	 9.6012395732425855e+00 	 -2.3282457791097227e-01 	 0.0000000000000000e+00
	 0.0000000000000000e+00 	 0.0000000000000000e+00 	 -1.9871057599757271e+00 	 -2.3282457791097227e-01 	 8.5842233581695582e-01 	 0.0000000000000000e+00
	 -7.8237141420937810e+00 	 1.9871057599757271e+00 	 0.0000000000000000e+00 	 0.0000000000000000e+00 	 0.0000000000000000e+00 	 1.0459661909059534e+01

	 0.931034 
	 1.3005618207923586e+07 	 1.2281362199982964e+06 	 0.0000000000000000e+00 	 0.0000000000000000e+00 	 0.0000000000000000e+00 	 2.6812426034183829e+05
	 1.2281362199976018e+06 	 1.0939067803678639e+08 	 0.0000000000000000e+00 	 0.0000000000000000e+00 	 0.0000000000000000e+00 	 3.0809299795076638e+06
	 0.0000000000000000e+00 	 0.0000000000000000e+00 	 1.0026447127817553e+09 	 6.8736462602047876e+07 	 -2.2292722795347925e+07 	 0.0000000000000000e+00
	 0.0000000000000000e+00 	 0.0000000000000000e+00 	 6.8736462602048546e+07 	 6.9995404751639992e+07 	 -1.8687354830047507e+06 	 0.0000000000000000e+00
	 0.0000000000000000e+00 	 0.0000000000000000e+00 	 -2.2292722795348089e+07 	 -1.8687354830045053e+06 	 6.0602758496477902e+06 	 0.0000000000000000e+00
	 2.6812426034179254e+05 	 3.0809299795079269e+06 	 0.0000000000000000e+00 	 0.0000000000000000e+00 	 0.0000000000000000e+00 	 2.2133508194471686e+06

	 5.4741319837871700e+01 	 0.0000000000000000e+00 	 0.0000000000000000e+00 	 0.0000000000000000e+00 	 0.0000000000000000e+00 	 -4.6207615774095965e+00
	 0.0000000000000000e+00 	 5.4741319837871700e+01 	 0.0000000000000000e+00 	 0.0000000000000000e+00 	 0.0000000000000000e+00 	 1.1957828408822722e+00
	 0.0000000000000000e+00 	 0.0000000000000000e+00 	 5.4741319837871700e+01 	 4.6207615774095965e+00 	 -1.1957828408822722e+00 	 0.0000000000000000e+00
	 0.0000000000000000e+00 	 0.0000000000000000e+00 	 4.6207615774095965e+00 	 4.2694566973001145e+00 	 -1.2503343940433043e-01 	 0.0000000000000000e+00
	 0.0000000000000000e+00 	 0.0000000000000000e+00 	 -1.1957828408822722e+00 	 -1.2503343940433043e-01 	 3.1184658542657595e-01 	 0.0000000000000000e+00
	 -4.6207615774095965e+00 	 1.1957828408822722e+00 	 0.0000000000000000e+00 	 0.0000000000000000e+00 	 0.0000000000000000e+00 	 4.5813032827266689e+00

	 0.965517 
	 2.8114589416363388e+06 	 3.9918578860916803e+05 	 0.0000000000000000e+00 	 0.0000000000000000e+00 	 0.0000000000000000e+00 	 1.5574887107833233e+05
	 3.9918578860876901e+05 	 5.2552520428471304e+07 	 0.0000000000000000e+00 	 0.0000000000000000e+00 	 0.0000000000000000e+00 	 1.2788288591521431e+06
	 0.0000000000000000e+00 	 0.0000000000000000e+00 	 2.2709027754925603e+08 	 2.0431764714050345e+07 	 -4.0224110764149679e+06 	 0.0000000000000000e+00
	 0.0000000000000000e+00 	 0.0000000000000000e+00 	 2.0431764714050006e+07 	 1.3220052412689211e+07 	 -4.3887616275724053e+05 	 0.0000000000000000e+00
	 0.0000000000000000e+00 	 0.0000000000000000e+00 	 -4.0224110764148128e+06 	 -4.3887616275726177e+05 	 5.6007558333741245e+05 	 0.0000000000000000e+00
	 1.5574887107831743e+05 	 1.2788288591520770e+06 	 0.0000000000000000e+00 	 0.0000000000000000e+00 	 0.0000000000000000e+00 	 4.8473171450274956e+05

	 1.7396084298389301e+01 	 0.0000000000000000e+00 	 0.0000000000000000e+00 	 0.0000000000000000e+00 	 0.0000000000000000e+00 	 -1.6481552100457946e+00
	 0.0000000000000000e+00 	 1.7396084298389301e+01 	 0.0000000000000000e+00 	 0.0000000000000000e+00 	 0.0000000000000000e+00 	 3.0468047196648218e-01
	 0.0000000000000000e+00 	 0.0000000000000000e+00 	 1.7396084298389301e+01 	 1.6481552100457946e+00 	 -3.0468047196648218e-01 	 0.0000000000000000e+00
	 0.0000000000000000e+00 	 0.0000000000000000e+00 	 1.6481552100457946e+00 	 1.0029960462100356e+00 	 -3.5237687207408823e-02 	 0.0000000000000000e+00
	 0.0000000000000000e+00 	 0.0000000000000000e+00 	 -3.0468047196648218e-01 	 -3.5237687207408823e-02 	 4.4468818882915213e-02 	 0.0000000000000000e+00
	 -1.6481552100457946e+00 	 3.0468047196648218e-01 	 0.0000000000000000e+00 	 0.0000000000000000e+00 	 0.0000000000000000e+00 	 1.0474648650929532e+00

	 1.000000 
	 1.6338062084123311e+06 	 2.9423435485229117e+05 	 0.0000000000000000e+00 	 0.0000000000000000e+00 	 0.0000000000000000e+00 	 5.0921739874887055e+04
	 2.9423435485230113e+05 	 3.2718371801767617e+07 	 0.0000000000000000e+00 	 0.0000000000000000e+00 	 0.0000000000000000e+00 	 5.8798702597879723e+05
	 0.0000000000000000e+00 	 0.0000000000000000e+00 	 1.4459268968039134e+08 	 6.4681823787207138e+06 	 -1.8531638541921396e+06 	 0.0000000000000000e+00
	 0.0000000000000000e+00 	 0.0000000000000000e+00 	 6.4681823787208013e+06 	 3.1305129167181766e+06 	 -1.0298270999470534e+05 	 0.0000000000000000e+00
	 0.0000000000000000e+00 	 0.0000000000000000e+00 	 -1.8531638541921275e+06 	 -1.0298270999470216e+05 	 1.2962038967398251e+05 	 0.0000000000000000e+00
	 5.0921739874893807e+04 	 5.8798702597882890e+05 	 0.0000000000000000e+00 	 0.0000000000000000e+00 	 0.0000000000000000e+00 	 1.1015070532333262e+05

	 1.0969003514735542e+01 	 0.0000000000000000e+00 	 0.0000000000000000e+00 	 0.0000000000000000e+00 	 0.0000000000000000e+00 	 -5.5658496379283862e-01
	 0.0000000000000000e+00 	 1.0969003514735542e+01 	 0.0000000000000000e+00 	 0.0000000000000000e+00 	 0.0000000000000000e+00 	 1.4010511837380663e-01
	 0.0000000000000000e+00 	 0.0000000000000000e+00 	 1.0969003514735542e+01 	 5.5658496379283862e-01 	 -1.4010511837380663e-01 	 0.0000000000000000e+00
	 0.0000000000000000e+00 	 0.0000000000000000e+00 	 5.5658496379283862e-01 	 2.3640702147987439e-01 	 -8.6186426551855318e-03 	 0.0000000000000000e+00
	 0.0000000000000000e+00 	 0.0000000000000000e+00 	 -1.4010511837380663e-01 	 -8.6186426551855318e-03 	 1.0294303164374359e-02 	 0.0000000000000000e+00
	 -5.5658496379283862e-01 	 1.4010511837380663e-01 	 0.0000000000000000e+00 	 0.0000000000000000e+00 	 0.0000000000000000e+00 	 2.4670132464424877e-01

